[gd_scene load_steps=6 format=3 uid="uid://dt0ltgpvmhe4d"]

[ext_resource type="Script" path="res://scenes/GrindableObject.gd" id="2_cjb5l"]
[ext_resource type="Script" path="res://scenes/Path3D.gd" id="3_i1jkb"]

[sub_resource type="BoxShape3D" id="BoxShape3D_i6fxl"]
size = Vector3(1, 1, 2.00049)

[sub_resource type="StandardMaterial3D" id="StandardMaterial3D_8u3a5"]
albedo_color = Color(1, 0, 1, 1)

[sub_resource type="Curve3D" id="Curve3D_fworq"]
_data = {
"points": PackedVector3Array(0, 0, 0, 0, 0, 0, -0.374288, 0.599532, 1.78809, 0, 0, 0, 0, 0, 0, -0.325126, 0.645443, -1.86622),
"tilts": PackedFloat32Array(0, 0)
}
point_count = 2

[node name="GrindableObject" type="Node3D"]
transform = Transform3D(2.98023e-08, 0, -4.1, 0, 1, 0, 0.999999, 0, 1.22189e-07, 0, 0, 0)
script = ExtResource("2_cjb5l")

[node name="CollisionGrind" type="Area3D" parent="."]
transform = Transform3D(0.5, 0, 0, 0, 0.5, 0, 0, 0, 0.5, 0, 0.362742, -0.000854433)

[node name="CollisionShape3D" type="CollisionShape3D" parent="CollisionGrind"]
shape = SubResource("BoxShape3D_i6fxl")

[node name="CSGBox3D" type="CSGBox3D" parent="CollisionGrind"]
transform = Transform3D(1, 0, 0, 0, 1, 0, 0, 0, 1, 0, 0, 0.00103807)
size = Vector3(1, 1, 1.99524)
material = SubResource("StandardMaterial3D_8u3a5")

[node name="Path3D" type="Path3D" parent="."]
transform = Transform3D(1, 0, -1.3113e-07, 0, 1, 0, 2.90755e-08, 0, 0.268293, 0.313245, 0, 2.27693e-09)
curve = SubResource("Curve3D_fworq")
script = ExtResource("3_i1jkb")

[node name="PathFollow3D" type="PathFollow3D" parent="Path3D"]
transform = Transform3D(0.999886, -0.000168972, -0.0134504, 1.45516e-11, 0.999902, -0.0125609, 0.0134516, 0.01256, 0.999793, -0.374288, 0.599532, 1.78809)
loop = false

[node name="RigidBody3D" type="RigidBody3D" parent="Path3D/PathFollow3D"]
transform = Transform3D(0.998793, -0.0356725, 0.0337832, 0.034465, 0.99877, 0.0356725, -0.0350141, -0.0344651, 0.998792, 0.000660777, 0.00462186, -4.50015e-06)

[node name="CSGBox3D" type="CSGBox3D" parent="Path3D/PathFollow3D/RigidBody3D"]
transform = Transform3D(0.353377, 7.45058e-09, 1.67638e-08, -1.49012e-08, 0.973875, -9.0804e-09, -7.45058e-09, -2.80561e-08, 0.705825, 0, 0, 0)

[node name="Path3Dleftdown" type="Path3D" parent="."]
transform = Transform3D(-1, 0, 2.34549e-08, 0, 1, 0, -8.74228e-08, 0, -0.268293, -0.382721, 0, -2.78194e-09)
curve = SubResource("Curve3D_fworq")
script = ExtResource("3_i1jkb")

[node name="PathFollow3D" type="PathFollow3D" parent="Path3Dleftdown"]
transform = Transform3D(0.999887, -0.000168974, -0.0134505, 1.45516e-11, 0.999916, -0.0125611, 0.0134516, 0.0125602, 0.999806, -0.374288, 0.599532, 1.78809)
loop = false

[node name="RigidBody3D" type="RigidBody3D" parent="Path3Dleftdown/PathFollow3D"]
transform = Transform3D(0.998793, -0.0356725, 0.0337832, 0.034465, 0.99877, 0.0356725, -0.0350141, -0.0344651, 0.998792, 0.000660777, 0.00462186, -4.50015e-06)

[node name="CSGBox3D" type="CSGBox3D" parent="Path3Dleftdown/PathFollow3D/RigidBody3D"]
transform = Transform3D(0.353377, 7.45058e-09, 1.67638e-08, -1.49012e-08, 0.973875, -9.0804e-09, -7.45058e-09, -2.80561e-08, 0.705825, 0, 0, 0)

[connection signal="body_entered" from="CollisionGrind" to="." method="_on_collision_grind_body_entered"]
[connection signal="body_entered" from="CollisionGrind" to="Path3D" method="_on_collision_grind_body_entered"]
